scenario
5 
5 
