objval
178.9536735560035 
767.8405808561173 
