scenario
98 
155 
98 
