objval
312.6521675565606 
798.76205835051 
