objval
297.98953230340027 
715.5075321436636 
