objval
291.4969196351478 
879.79070818395 
