objval
276.849476875926 
763.9088951761606 
